11 1.01278409091 0.857232500289
14 0.993303571429 0.90791212088
18 1.00520833333 0.948469512226
24 1.00520833333 0.909246339808
31 0.978830645161 0.976534932256
41 0.979420731707 0.985580423454
55 1.00056818182 0.985740483227
72 0.997395833333 0.943602316315
96 0.996744791667 0.982612626271
127 0.998523622047 1.01633539249
168 1.0021391369 0.974590068101
223 0.997530128924 1.00420546143
295 1.0008342161 0.999138904674
391 1.00106897379 1.006391188
518 0.997963923745 1.01446178939
687 0.999289255822 1.01372116105
911 1.00056171103 1.00567192965
1207 0.999894010201 1.00106433705
1600 0.999870605469 1.0068940352
2121 0.999393159182 1.00823223766
2812 1.00006667852 0.999725322337
3728 1.00000419126 0.997945024114
4942 1.0000040509 1.00022344041
6552 1.00004456535 1.00069511704
8686 0.999727752004 0.999182667245
11514 1.00005508749 0.998788067907
15265 0.99997071592 1.00214909958
20236 1.00004000644 0.999874252169
26827 0.999998336873 1.00150610137
35565 0.999966359873 1.00270576304
47149 0.999971282447 1.00164127172
62506 0.999990141571 1.00134018945
82865 0.999981801963 1.00123396215
109855 1.00001412426 1.00097482631
145635 0.999997752698 1.00080379409
193070 0.999991923677 0.999907014904
2555955 1.00000004681 0.999965965454
339323 1.00000395282 1.00033779023
449844 0.999998792509 1.00030989922
596363 0.999999783194 1.00025077232
790605 0.999997410548 1.00032814153
1048114 1.00000019598 0.999867542266
1389496 0.999999561571 0.999969058559
1842070 1.00000032203 0.999950622998
2442054 0.99999958727 0.999948577326
3237458 1.00000017163 1.0000480196
4291935 1.00000001852 1.00024496082
5689867 0.999999897528 1.00013204845
7543121 0.999999969808 1.00013550944
10000000 0.999999808261 1.0000452452
