11 0.436303527937 0.204144447816
14 0.379584838827 0.224170252238
18 0.395473342957 0.273954803737
24 0.352515621038 0.289633063338
31 0.314742919034 0.274764919849
41 0.364727392769 0.278245181536
55 0.322824797375 0.275705040682
72 0.326175890286 0.236889170039
96 0.292955432837 0.196022231315
127 0.294075376986 0.251183803283
168 0.28422389221 0.261640674805
223 0.297652602458 0.276367907145
295 0.297212779004 0.303468133113
391 0.300745063348 0.300166323493
518 0.299210853838 0.308570355683
687 0.302081635348 0.31447455451
911 0.299763821143 0.311976958276
1207 0.298921367529 0.288949496214
1600 0.300103437465 0.290626556274
2121 0.299083190328 0.294486747569
2812 0.298767526503 0.29812959736
3728 0.299054669498 0.298602093515
4942 0.298920702282 0.298949907689
6552 0.29833687231 0.298425911711
8686 0.298440655476 0.300326552494
11514 0.29833392932 0.296151193536
15265 0.298487060188 0.296917342007
20236 0.298415796856 0.29685039333
26827 0.298462155667 0.298561101938
35565 0.298469911071 0.29914245988
47149 0.298373885062 0.299801198667
62506 0.298433102744 0.299418039677
82865 0.298383115228 0.299102553111
109855 0.298375919488 0.297999901725
145635 0.298389060997 0.297616103754
193070 0.298398951332 0.297282235385
2555955 0.298380115484 0.2984064665
339323 0.298395477075 0.297865262282
449844 0.298379781633 0.297817319235
596363 0.298387319782 0.298492761199
790605 0.298382557509 0.298149114793
1048114 0.298381923714 0.298227201481
1389496 0.298381662475 0.298218684851
1842070 0.298380415158 0.298359625221
2442054 0.298380974522 0.298333842422
3237458 0.298379592516 0.298405107758
4291935 0.298379529836 0.298237485476
5689867 0.298379903744 0.298249723162
7543121 0.29837951373 0.298224727132
10000000 0.298379423166 0.298323918257
