101 0.0002271
133 0.0001213
176 0.0001178
233 0.0001189
309 0.000124
410 0.0001304
543 0.0001403
720 0.0002324
955 0.0001715
1265 0.0001979
1677 0.0002233
2223 0.0003425
2948 0.0003204
3907 0.0003887
5180 0.0005472
6867 0.0006713
9103 0.0007767
12068 0.0013997
15999 0.0014879
21210 0.0019053
28118 0.0024968
37276 0.0031304
49418 0.0040099
65513 0.0052298
86852 0.0072301
115140 0.0100449
152642 0.012309
202359 0.0162399
268270 0.0215372
355649 0.0291086
471487 0.0377727
625056 0.0508845
828643 0.0667442
1098542 0.0885805
1456349 0.1185787
1930698 0.1556876
2559548 0.2065575
3393222 0.2831067
4498433 0.367539
5963624 0.482271
7906044 0.6430167
10481132 0.8609562
13894955 1.1302521
18420700 1.5079205
24420531 2.0126294
32374576 2.8296512
42919343 4.1188746
56898661 4.8938879
75431201 6.458775
100000000 8.3988892
