101 0.0409518
133 0.0002991
176 0.0002434
233 0.0002549
309 0.0002782
410 0.0002999
543 0.0003603
720 0.0004859
955 0.0023008
1265 0.0005929
1677 0.0004318
2223 0.0006198
2948 0.0009395
3907 0.0008834
5180 0.0010983
6867 0.0015146
9103 0.0019556
12068 0.0025323
15999 0.0034327
21210 0.0043097
28118 0.0057027
37276 0.0089731
49418 0.0106686
65513 0.0136648
86852 0.0194679
115140 0.024435
152642 0.0329739
202359 0.0439375
268270 0.0583088
355649 0.0779083
471487 0.1045438
625056 0.1407508
828643 0.1868617
1098542 0.2596511
1456349 0.3531758
1930698 0.4624598
2559548 0.6060195
3393222 0.8120764
4498433 1.7340473
5963624 2.3146814
7906044 3.098956
10481132 4.2224477
13894955 5.7059544
18420700 6.1225199
24420531 6.8338546
32374576 8.2021652
42919343 11.7166591
56898661 15.502599
75431201 20.1538846
100000000 26.3592083
