0.885922648013 0.758302696049 
0.760922648013 0.383302696049 
0.260922648013 0.883302696049 
0.0109226480126 0.133302696049 
0.510922648013 0.633302696049 
0.573422648013 0.320802696049 
0.0734226480126 0.820802696049 
0.323422648013 0.0708026960492 
0.823422648013 0.570802696049 
0.948422648013 0.195802696049 
0.448422648013 0.695802696049 
0.198422648013 0.445802696049 
0.698422648013 0.945802696049 
0.729672648013 0.477052696049 
0.229672648013 0.977052696049 
0.479672648013 0.227052696049 
0.979672648013 0.727052696049 
0.854672648013 0.102052696049 
0.354672648013 0.602052696049 
0.104672648013 0.352052696049 
0.604672648013 0.852052696049 
0.542172648013 0.164552696049 
0.0421726480126 0.664552696049 
0.292172648013 0.414552696049 
0.792172648013 0.914552696049 
0.917172648013 0.289552696049 
0.417172648013 0.789552696049 
0.167172648013 0.0395526960492 
0.667172648013 0.539552696049 
0.671078898013 0.457521446049 
0.171078898013 0.957521446049 
0.421078898013 0.207521446049 
0.921078898013 0.707521446049 
0.796078898013 0.0825214460492 
0.296078898013 0.582521446049 
0.0460788980126 0.332521446049 
0.546078898013 0.832521446049 
0.608578898013 0.145021446049 
0.108578898013 0.645021446049 
0.358578898013 0.395021446049 
0.858578898013 0.895021446049 
0.983578898013 0.270021446049 
0.483578898013 0.770021446049 
0.233578898013 0.0200214460492 
0.733578898013 0.520021446049 
0.702328898013 0.0512714460492 
0.202328898013 0.551271446049 
0.452328898013 0.301271446049 
0.952328898013 0.801271446049 
0.827328898013 0.426271446049 
0.327328898013 0.926271446049 
0.0773288980126 0.176271446049 
0.577328898013 0.676271446049 
0.514828898013 0.363771446049 
0.0148288980126 0.863771446049 
0.264828898013 0.113771446049 
0.764828898013 0.613771446049 
0.889828898013 0.238771446049 
0.389828898013 0.738771446049 
0.139828898013 0.488771446049 
0.639828898013 0.988771446049 
0.655453898013 0.191896446049 
0.155453898013 0.691896446049 
0.405453898013 0.441896446049 
0.905453898013 0.941896446049 
0.780453898013 0.316896446049 
0.280453898013 0.816896446049 
0.0304538980126 0.0668964460492 
0.530453898013 0.566896446049 
0.592953898013 0.379396446049 
0.0929538980126 0.879396446049 
0.342953898013 0.129396446049 
0.842953898013 0.629396446049 
0.967953898013 0.00439644604921 
0.467953898013 0.504396446049 
0.217953898013 0.254396446049 
0.717953898013 0.754396446049 
0.749203898013 0.285646446049 
0.249203898013 0.785646446049 
0.499203898013 0.0356464460492 
0.999203898013 0.535646446049 
0.874203898013 0.160646446049 
0.374203898013 0.660646446049 
0.124203898013 0.410646446049 
0.624203898013 0.910646446049 
0.561703898013 0.0981464460492 
0.0617038980126 0.598146446049 
0.311703898013 0.348146446049 
0.811703898013 0.848146446049 
0.936703898013 0.473146446049 
0.436703898013 0.973146446049 
0.186703898013 0.223146446049 
0.686703898013 0.723146446049 
0.678891398013 0.0747089460492 
0.178891398013 0.574708946049 
0.428891398013 0.324708946049 
0.928891398013 0.824708946049 
0.803891398013 0.449708946049 
0.303891398013 0.949708946049 
0.0538913980126 0.199708946049 
0.553891398013 0.699708946049 
0.616391398013 0.262208946049 
0.116391398013 0.762208946049 
0.366391398013 0.0122089460492 
0.866391398013 0.512208946049 
0.991391398013 0.137208946049 
0.491391398013 0.637208946049 
0.241391398013 0.387208946049 
0.741391398013 0.887208946049 
0.710141398013 0.418458946049 
0.210141398013 0.918458946049 
0.460141398013 0.168458946049 
0.960141398013 0.668458946049 
0.835141398013 0.0434589460492 
0.335141398013 0.543458946049 
0.0851413980126 0.293458946049 
0.585141398013 0.793458946049 
0.522641398013 0.230958946049 
0.0226413980126 0.730958946049 
0.272641398013 0.480958946049 
0.772641398013 0.980958946049 
0.897641398013 0.355958946049 
0.397641398013 0.855958946049 
0.147641398013 0.105958946049 
0.647641398013 0.605958946049 
0.632016398013 0.340333946049 
0.132016398013 0.840333946049 
0.382016398013 0.0903339460492 
0.882016398013 0.590333946049 
0.757016398013 0.215333946049 
0.257016398013 0.715333946049 
0.00701639801264 0.465333946049 
0.507016398013 0.965333946049 
0.569516398013 0.0278339460492 
0.0695163980126 0.527833946049 
0.319516398013 0.277833946049 
0.819516398013 0.777833946049 
0.944516398013 0.402833946049 
0.444516398013 0.902833946049 
0.194516398013 0.152833946049 
0.694516398013 0.652833946049 
0.725766398013 0.184083946049 
0.225766398013 0.684083946049 
0.475766398013 0.434083946049 
0.975766398013 0.934083946049 
0.850766398013 0.309083946049 
0.350766398013 0.809083946049 
0.100766398013 0.0590839460492 
0.600766398013 0.559083946049 
0.538266398013 0.496583946049 
0.0382663980126 0.996583946049 
0.288266398013 0.246583946049 
0.788266398013 0.746583946049 
0.913266398013 0.121583946049 
0.413266398013 0.621583946049 
0.163266398013 0.371583946049 
0.663266398013 0.871583946049 
0.661313273013 0.373537071049 
0.161313273013 0.873537071049 
0.411313273013 0.123537071049 
0.911313273013 0.623537071049 
0.786313273013 0.248537071049 
0.286313273013 0.748537071049 
0.0363132730126 0.498537071049 
0.536313273013 0.998537071049 
0.598813273013 0.0610370710492 
0.0988132730126 0.561037071049 
0.348813273013 0.311037071049 
0.848813273013 0.811037071049 
0.973813273013 0.436037071049 
0.473813273013 0.936037071049 
0.223813273013 0.186037071049 
0.723813273013 0.686037071049 
0.692563273013 0.154787071049 
0.192563273013 0.654787071049 
0.442563273013 0.404787071049 
0.942563273013 0.904787071049 
0.817563273013 0.279787071049 
0.317563273013 0.779787071049 
0.0675632730126 0.0297870710492 
0.567563273013 0.529787071049 
0.505063273013 0.467287071049 
0.00506327301264 0.967287071049 
0.255063273013 0.217287071049 
0.755063273013 0.717287071049 
0.880063273013 0.0922870710492 
0.380063273013 0.592287071049 
0.130063273013 0.342287071049 
0.630063273013 0.842287071049 
0.645688273013 0.107912071049 
0.145688273013 0.607912071049 
0.395688273013 0.357912071049 
0.895688273013 0.857912071049 
0.770688273013 0.482912071049 
0.270688273013 0.982912071049 
0.0206882730126 0.232912071049 
0.520688273013 0.732912071049 
0.583188273013 0.295412071049 
0.0831882730126 0.795412071049 
0.333188273013 0.0454120710492 
0.833188273013 0.545412071049 
0.958188273013 0.170412071049 
0.458188273013 0.670412071049 
0.208188273013 0.420412071049 
0.708188273013 0.920412071049 
0.739438273013 0.389162071049 
0.239438273013 0.889162071049 
0.489438273013 0.139162071049 
0.989438273013 0.639162071049 
0.864438273013 0.0141620710492 
0.364438273013 0.514162071049 
0.114438273013 0.264162071049 
0.614438273013 0.764162071049 
0.551938273013 0.201662071049 
0.0519382730126 0.701662071049 
0.301938273013 0.451662071049 
0.801938273013 0.951662071049 
0.926938273013 0.326662071049 
0.426938273013 0.826662071049 
0.176938273013 0.0766620710492 
0.676938273013 0.576662071049 
0.684750773013 0.225099571049 
0.184750773013 0.725099571049 
0.434750773013 0.475099571049 
0.934750773013 0.975099571049 
0.809750773013 0.350099571049 
0.309750773013 0.850099571049 
0.0597507730126 0.100099571049 
0.559750773013 0.600099571049 
0.622250773013 0.412599571049 
0.122250773013 0.912599571049 
0.372250773013 0.162599571049 
0.872250773013 0.662599571049 
0.997250773013 0.0375995710492 
0.497250773013 0.537599571049 
0.247250773013 0.287599571049 
0.747250773013 0.787599571049 
0.716000773013 0.256349571049 
0.216000773013 0.756349571049 
0.466000773013 0.00634957104921 
0.966000773013 0.506349571049 
0.841000773013 0.131349571049 
0.341000773013 0.631349571049 
0.0910007730126 0.381349571049 
0.591000773013 0.881349571049 
0.528500773013 0.0688495710492 
0.0285007730126 0.568849571049 
0.278500773013 0.318849571049 
0.778500773013 0.818849571049 
0.903500773013 0.443849571049 
0.403500773013 0.943849571049 
0.153500773013 0.193849571049 
0.653500773013 0.693849571049 
0.637875773013 0.490724571049 
0.137875773013 0.990724571049 
0.387875773013 0.240724571049 
0.887875773013 0.740724571049 
0.762875773013 0.115724571049 
0.262875773013 0.615724571049 
0.0128757730126 0.365724571049 
0.512875773013 0.865724571049 
0.575375773013 0.178224571049 
0.0753757730126 0.678224571049 
0.325375773013 0.428224571049 
0.825375773013 0.928224571049 
0.950375773013 0.303224571049 
0.450375773013 0.803224571049 
0.200375773013 0.0532245710492 
0.700375773013 0.553224571049 
0.731625773013 0.0219745710492 
0.231625773013 0.521974571049 
0.481625773013 0.271974571049 
0.981625773013 0.771974571049 
0.856625773013 0.396974571049 
0.356625773013 0.896974571049 
0.106625773013 0.146974571049 
0.606625773013 0.646974571049 
0.544125773013 0.334474571049 
0.0441257730126 0.834474571049 
0.294125773013 0.0844745710492 
0.794125773013 0.584474571049 
0.919125773013 0.209474571049 
0.419125773013 0.709474571049 
0.169125773013 0.459474571049 
0.669125773013 0.959474571049 
0.665219523013 0.0415058210492 
0.165219523013 0.541505821049 
0.415219523013 0.291505821049 
0.915219523013 0.791505821049 
0.790219523013 0.416505821049 
0.290219523013 0.916505821049 
0.0402195230126 0.166505821049 
0.540219523013 0.666505821049 
0.602719523013 0.354005821049 
0.102719523013 0.854005821049 
0.352719523013 0.104005821049 
0.852719523013 0.604005821049 
0.977719523013 0.229005821049 
0.477719523013 0.729005821049 
0.227719523013 0.479005821049 
0.727719523013 0.979005821049 
0.696469523013 0.447755821049 
0.196469523013 0.947755821049 
0.446469523013 0.197755821049 
0.946469523013 0.697755821049 
0.821469523013 0.0727558210492 
0.321469523013 0.572755821049 
0.0714695230126 0.322755821049 
0.571469523013 0.822755821049 
0.508969523013 0.135255821049 
0.00896952301264 0.635255821049 
0.258969523013 0.385255821049 
0.758969523013 0.885255821049 
0.883969523013 0.260255821049 
0.383969523013 0.760255821049 
0.133969523013 0.0102558210492 
0.633969523013 0.510255821049 
0.649594523013 0.307130821049 
0.149594523013 0.807130821049 
0.399594523013 0.0571308210492 
0.899594523013 0.557130821049 
0.774594523013 0.182130821049 
0.274594523013 0.682130821049 
0.0245945230126 0.432130821049 
0.524594523013 0.932130821049 
0.587094523013 0.119630821049 
0.0870945230126 0.619630821049 
0.337094523013 0.369630821049 
0.837094523013 0.869630821049 
0.962094523013 0.494630821049 
0.462094523013 0.994630821049 
0.212094523013 0.244630821049 
0.712094523013 0.744630821049 
0.743344523013 0.213380821049 
0.243344523013 0.713380821049 
0.493344523013 0.463380821049 
0.993344523013 0.963380821049 
0.868344523013 0.338380821049 
0.368344523013 0.838380821049 
0.118344523013 0.0883808210492 
0.618344523013 0.588380821049 
0.555844523013 0.400880821049 
0.0558445230126 0.900880821049 
0.305844523013 0.150880821049 
0.805844523013 0.650880821049 
0.930844523013 0.0258808210492 
0.430844523013 0.525880821049 
0.180844523013 0.275880821049 
0.680844523013 0.775880821049 
0.673032023013 0.424318321049 
0.173032023013 0.924318321049 
0.423032023013 0.174318321049 
0.923032023013 0.674318321049 
0.798032023013 0.0493183210492 
0.298032023013 0.549318321049 
0.0480320230126 0.299318321049 
0.548032023013 0.799318321049 
0.610532023013 0.236818321049 
0.110532023013 0.736818321049 
0.360532023013 0.486818321049 
0.860532023013 0.986818321049 
0.985532023013 0.361818321049 
0.485532023013 0.861818321049 
0.235532023013 0.111818321049 
0.735532023013 0.611818321049 
0.704282023013 0.0805683210492 
0.204282023013 0.580568321049 
0.454282023013 0.330568321049 
0.954282023013 0.830568321049 
0.829282023013 0.455568321049 
0.329282023013 0.955568321049 
0.0792820230126 0.205568321049 
0.579282023013 0.705568321049 
0.516782023013 0.268068321049 
0.0167820230126 0.768068321049 
0.266782023013 0.0180683210492 
0.766782023013 0.518068321049 
0.891782023013 0.143068321049 
0.391782023013 0.643068321049 
0.141782023013 0.393068321049 
0.641782023013 0.893068321049 
0.626157023013 0.158693321049 
0.126157023013 0.658693321049 
0.376157023013 0.408693321049 
0.876157023013 0.908693321049 
0.751157023013 0.283693321049 
0.251157023013 0.783693321049 
0.00115702301264 0.0336933210492 
0.501157023013 0.533693321049 
0.563657023013 0.471193321049 
0.0636570230126 0.971193321049 
0.313657023013 0.221193321049 
0.813657023013 0.721193321049 
0.938657023013 0.0961933210492 
0.438657023013 0.596193321049 
0.188657023013 0.346193321049 
0.688657023013 0.846193321049 
0.719907023013 0.314943321049 
0.219907023013 0.814943321049 
0.469907023013 0.0649433210492 
0.969907023013 0.564943321049 
0.844907023013 0.189943321049 
0.344907023013 0.689943321049 
0.0949070230126 0.439943321049 
0.594907023013 0.939943321049 
0.532407023013 0.00244332104921 
0.0324070230126 0.502443321049 
0.282407023013 0.252443321049 
0.782407023013 0.752443321049 
0.907407023013 0.377443321049 
0.407407023013 0.877443321049 
0.157407023013 0.127443321049 
0.657407023013 0.627443321049 
0.656430460513 0.376466758549 
0.156430460513 0.876466758549 
0.406430460513 0.126466758549 
0.906430460513 0.626466758549 
0.781430460513 0.00146675854921 
0.281430460513 0.501466758549 
0.0314304605126 0.251466758549 
0.531430460513 0.751466758549 
0.593930460513 0.188966758549 
0.0939304605126 0.688966758549 
0.343930460513 0.438966758549 
0.843930460513 0.938966758549 
0.968930460513 0.313966758549 
0.468930460513 0.813966758549 
0.218930460513 0.0639667585492 
0.718930460513 0.563966758549 
0.687680460513 0.0952167585492 
0.187680460513 0.595216758549 
0.437680460513 0.345216758549 
0.937680460513 0.845216758549 
0.812680460513 0.470216758549 
0.312680460513 0.970216758549 
0.0626804605126 0.220216758549 
0.562680460513 0.720216758549 
0.500180460513 0.282716758549 
0.000180460512638 0.782716758549 
0.250180460513 0.0327167585492 
0.750180460513 0.532716758549 
0.875180460513 0.157716758549 
0.375180460513 0.657716758549 
0.125180460513 0.407716758549 
0.625180460513 0.907716758549 
0.640805460513 0.142091758549 
0.140805460513 0.642091758549 
0.390805460513 0.392091758549 
0.890805460513 0.892091758549 
0.765805460513 0.267091758549 
0.265805460513 0.767091758549 
0.0158054605126 0.0170917585492 
0.515805460513 0.517091758549 
0.578305460513 0.454591758549 
0.0783054605126 0.954591758549 
0.328305460513 0.204591758549 
0.828305460513 0.704591758549 
0.953305460513 0.0795917585492 
0.453305460513 0.579591758549 
0.203305460513 0.329591758549 
0.703305460513 0.829591758549 
0.734555460513 0.360841758549 
0.234555460513 0.860841758549 
0.484555460513 0.110841758549 
0.984555460513 0.610841758549 
0.859555460513 0.235841758549 
0.359555460513 0.735841758549 
0.109555460513 0.485841758549 
0.609555460513 0.985841758549 
0.547055460513 0.0483417585492 
0.0470554605126 0.548341758549 
0.297055460513 0.298341758549 
0.797055460513 0.798341758549 
0.922055460513 0.423341758549 
0.422055460513 0.923341758549 
0.172055460513 0.173341758549 
0.672055460513 0.673341758549 
0.679867960513 0.0249042585492 
0.179867960513 0.524904258549 
0.429867960513 0.274904258549 
0.929867960513 0.774904258549 
0.804867960513 0.399904258549 
0.304867960513 0.899904258549 
0.0548679605126 0.149904258549 
0.554867960513 0.649904258549 
0.617367960513 0.337404258549 
0.117367960513 0.837404258549 
0.367367960513 0.0874042585492 
0.867367960513 0.587404258549 
0.992367960513 0.212404258549 
0.492367960513 0.712404258549 
0.242367960513 0.462404258549 
0.742367960513 0.962404258549 
0.711117960513 0.493654258549 
0.211117960513 0.993654258549 
0.461117960513 0.243654258549 
0.961117960513 0.743654258549 
0.836117960513 0.118654258549 
0.336117960513 0.618654258549 
0.0861179605126 0.368654258549 
0.586117960513 0.868654258549 
0.523617960513 0.181154258549 
0.0236179605126 0.681154258549 
0.273617960513 0.431154258549 
0.773617960513 0.931154258549 
0.898617960513 0.306154258549 
0.398617960513 0.806154258549 
0.148617960513 0.0561542585492 
0.648617960513 0.556154258549 
0.632992960513 0.259279258549 
0.132992960513 0.759279258549 
0.382992960513 0.00927925854921 
0.882992960513 0.509279258549 
0.757992960513 0.134279258549 
0.257992960513 0.634279258549 
0.00799296051264 0.384279258549 
0.507992960513 0.884279258549 
0.570492960513 0.0717792585492 
0.0704929605126 0.571779258549 
0.320492960513 0.321779258549 
0.820492960513 0.821779258549 
0.945492960513 0.446779258549 
0.445492960513 0.946779258549 
0.195492960513 0.196779258549 
0.695492960513 0.696779258549 
0.726742960513 0.228029258549 
0.226742960513 0.728029258549 
0.476742960513 0.478029258549 
0.976742960513 0.978029258549 
0.851742960513 0.353029258549 
0.351742960513 0.853029258549 
0.101742960513 0.103029258549 
0.601742960513 0.603029258549 
0.539242960513 0.415529258549 
0.0392429605126 0.915529258549 
0.289242960513 0.165529258549 
0.789242960513 0.665529258549 
0.914242960513 0.0405292585492 
0.414242960513 0.540529258549 
0.164242960513 0.290529258549 
0.664242960513 0.790529258549 
0.668149210513 0.208498008549 
0.168149210513 0.708498008549 
0.418149210513 0.458498008549 
0.918149210513 0.958498008549 
0.793149210513 0.333498008549 
0.293149210513 0.833498008549 
0.0431492105126 0.0834980085492 
0.543149210513 0.583498008549 
0.605649210513 0.395998008549 
0.105649210513 0.895998008549 
0.355649210513 0.145998008549 
0.855649210513 0.645998008549 
0.980649210513 0.0209980085492 
0.480649210513 0.520998008549 
0.230649210513 0.270998008549 
0.730649210513 0.770998008549 
0.699399210513 0.302248008549 
0.199399210513 0.802248008549 
0.449399210513 0.0522480085492 
0.949399210513 0.552248008549 
0.824399210513 0.177248008549 
0.324399210513 0.677248008549 
0.0743992105126 0.427248008549 
0.574399210513 0.927248008549 
0.511899210513 0.114748008549 
0.0118992105126 0.614748008549 
0.261899210513 0.364748008549 
0.761899210513 0.864748008549 
0.886899210513 0.489748008549 
0.386899210513 0.989748008549 
0.136899210513 0.239748008549 
0.636899210513 0.739748008549 
0.652524210513 0.442873008549 
0.152524210513 0.942873008549 
0.402524210513 0.192873008549 
0.902524210513 0.692873008549 
0.777524210513 0.0678730085492 
0.277524210513 0.567873008549 
0.0275242105126 0.317873008549 
0.527524210513 0.817873008549 
0.590024210513 0.130373008549 
0.0900242105126 0.630373008549 
0.340024210513 0.380373008549 
0.840024210513 0.880373008549 
0.965024210513 0.255373008549 
0.465024210513 0.755373008549 
0.215024210513 0.00537300854921 
0.715024210513 0.505373008549 
0.746274210513 0.0366230085492 
0.246274210513 0.536623008549 
0.496274210513 0.286623008549 
0.996274210513 0.786623008549 
0.871274210513 0.411623008549 
0.371274210513 0.911623008549 
0.121274210513 0.161623008549 
0.621274210513 0.661623008549 
0.558774210513 0.349123008549 
0.0587742105126 0.849123008549 
0.308774210513 0.0991230085492 
0.808774210513 0.599123008549 
0.933774210513 0.224123008549 
0.433774210513 0.724123008549 
0.183774210513 0.474123008549 
0.683774210513 0.974123008549 
0.675961710513 0.325685508549 
0.175961710513 0.825685508549 
0.425961710513 0.0756855085492 
0.925961710513 0.575685508549 
0.800961710513 0.200685508549 
0.300961710513 0.700685508549 
0.0509617105126 0.450685508549 
0.550961710513 0.950685508549 
0.613461710513 0.0131855085492 
0.113461710513 0.513185508549 
0.363461710513 0.263185508549 
0.863461710513 0.763185508549 
0.988461710513 0.388185508549 
0.488461710513 0.888185508549 
0.238461710513 0.138185508549 
0.738461710513 0.638185508549 
0.707211710513 0.169435508549 
0.207211710513 0.669435508549 
0.457211710513 0.419435508549 
0.957211710513 0.919435508549 
0.832211710513 0.294435508549 
0.332211710513 0.794435508549 
0.0822117105126 0.0444355085492 
0.582211710513 0.544435508549 
0.519711710513 0.481935508549 
0.0197117105126 0.981935508549 
0.269711710513 0.231935508549 
0.769711710513 0.731935508549 
0.894711710513 0.106935508549 
0.394711710513 0.606935508549 
0.144711710513 0.356935508549 
0.644711710513 0.856935508549 
0.629086710513 0.0913105085492 
0.129086710513 0.591310508549 
0.379086710513 0.341310508549 
0.879086710513 0.841310508549 
0.754086710513 0.466310508549 
0.254086710513 0.966310508549 
0.00408671051264 0.216310508549 
0.504086710513 0.716310508549 
0.566586710513 0.278810508549 
0.0665867105126 0.778810508549 
0.316586710513 0.0288105085492 
0.816586710513 0.528810508549 
0.941586710513 0.153810508549 
0.441586710513 0.653810508549 
0.191586710513 0.403810508549 
0.691586710513 0.903810508549 
0.722836710513 0.435060508549 
0.222836710513 0.935060508549 
0.472836710513 0.185060508549 
0.972836710513 0.685060508549 
0.847836710513 0.0600605085492 
0.347836710513 0.560060508549 
0.0978367105126 0.310060508549 
0.597836710513 0.810060508549 
0.535336710513 0.247560508549 
0.0353367105126 0.747560508549 
0.285336710513 0.497560508549 
0.785336710513 0.997560508549 
0.910336710513 0.372560508549 
0.410336710513 0.872560508549 
0.160336710513 0.122560508549 
0.660336710513 0.622560508549 
0.662289835513 0.124513633549 
0.162289835513 0.624513633549 
0.412289835513 0.374513633549 
0.912289835513 0.874513633549 
0.787289835513 0.499513633549 
0.287289835513 0.999513633549 
0.0372898355126 0.249513633549 
0.537289835513 0.749513633549 
0.599789835513 0.312013633549 
0.0997898355126 0.812013633549 
0.349789835513 0.0620136335492 
0.849789835513 0.562013633549 
0.974789835513 0.187013633549 
0.474789835513 0.687013633549 
0.224789835513 0.437013633549 
0.724789835513 0.937013633549 
0.693539835513 0.405763633549 
0.193539835513 0.905763633549 
0.443539835513 0.155763633549 
0.943539835513 0.655763633549 
0.818539835513 0.0307636335492 
0.318539835513 0.530763633549 
0.0685398355126 0.280763633549 
0.568539835513 0.780763633549 
0.506039835513 0.218263633549 
0.00603983551264 0.718263633549 
0.256039835513 0.468263633549 
0.756039835513 0.968263633549 
0.881039835513 0.343263633549 
0.381039835513 0.843263633549 
0.131039835513 0.0932636335492 
0.631039835513 0.593263633549 
0.646664835513 0.358888633549 
0.146664835513 0.858888633549 
0.396664835513 0.108888633549 
0.896664835513 0.608888633549 
0.771664835513 0.233888633549 
0.271664835513 0.733888633549 
0.0216648355126 0.483888633549 
0.521664835513 0.983888633549 
0.584164835513 0.0463886335492 
0.0841648355126 0.546388633549 
0.334164835513 0.296388633549 
0.834164835513 0.796388633549 
0.959164835513 0.421388633549 
0.459164835513 0.921388633549 
0.209164835513 0.171388633549 
0.709164835513 0.671388633549 
0.740414835513 0.140138633549 
0.240414835513 0.640138633549 
0.490414835513 0.390138633549 
0.990414835513 0.890138633549 
0.865414835513 0.265138633549 
0.365414835513 0.765138633549 
0.115414835513 0.0151386335492 
0.615414835513 0.515138633549 
0.552914835513 0.452638633549 
0.0529148355126 0.952638633549 
0.302914835513 0.202638633549 
0.802914835513 0.702638633549 
0.927914835513 0.0776386335492 
0.427914835513 0.577638633549 
0.177914835513 0.327638633549 
0.677914835513 0.827638633549 
0.685727335513 0.476076133549 
0.185727335513 0.976076133549 
0.435727335513 0.226076133549 
0.935727335513 0.726076133549 
0.810727335513 0.101076133549 
0.310727335513 0.601076133549 
0.0607273355126 0.351076133549 
0.560727335513 0.851076133549 
0.623227335513 0.163576133549 
0.123227335513 0.663576133549 
0.373227335513 0.413576133549 
0.873227335513 0.913576133549 
0.998227335513 0.288576133549 
0.498227335513 0.788576133549 
0.248227335513 0.0385761335492 
0.748227335513 0.538576133549 
0.716977335513 0.00732613354921 
0.216977335513 0.507326133549 
0.466977335513 0.257326133549 
0.966977335513 0.757326133549 
0.841977335513 0.382326133549 
0.341977335513 0.882326133549 
0.0919773355126 0.132326133549 
0.591977335513 0.632326133549 
0.529477335513 0.319826133549 
0.0294773355126 0.819826133549 
0.279477335513 0.0698261335492 
0.779477335513 0.569826133549 
0.904477335513 0.194826133549 
0.404477335513 0.694826133549 
0.154477335513 0.444826133549 
0.654477335513 0.944826133549 
0.638852335513 0.241701133549 
0.138852335513 0.741701133549 
0.388852335513 0.491701133549 
0.888852335513 0.991701133549 
0.763852335513 0.366701133549 
0.263852335513 0.866701133549 
0.0138523355126 0.116701133549 
0.513852335513 0.616701133549 
0.576352335513 0.429201133549 
0.0763523355126 0.929201133549 
0.326352335513 0.179201133549 
0.826352335513 0.679201133549 
0.951352335513 0.0542011335492 
0.451352335513 0.554201133549 
0.201352335513 0.304201133549 
0.701352335513 0.804201133549 
0.732602335513 0.272951133549 
0.232602335513 0.772951133549 
0.482602335513 0.0229511335492 
0.982602335513 0.522951133549 
0.857602335513 0.147951133549 
0.357602335513 0.647951133549 
0.107602335513 0.397951133549 
0.607602335513 0.897951133549 
0.545102335513 0.0854511335492 
0.0451023355126 0.585451133549 
0.295102335513 0.335451133549 
0.795102335513 0.835451133549 
0.920102335513 0.460451133549 
0.420102335513 0.960451133549 
0.170102335513 0.210451133549 
0.670102335513 0.710451133549 
0.666196085513 0.292482383549 
0.166196085513 0.792482383549 
0.416196085513 0.0424823835492 
0.916196085513 0.542482383549 
0.791196085513 0.167482383549 
0.291196085513 0.667482383549 
0.0411960855126 0.417482383549 
0.541196085513 0.917482383549 
0.603696085513 0.104982383549 
0.103696085513 0.604982383549 
0.353696085513 0.354982383549 
0.853696085513 0.854982383549 
0.978696085513 0.479982383549 
0.478696085513 0.979982383549 
0.228696085513 0.229982383549 
0.728696085513 0.729982383549 
0.697446085513 0.198732383549 
0.197446085513 0.698732383549 
0.447446085513 0.448732383549 
0.947446085513 0.948732383549 
0.822446085513 0.323732383549 
0.322446085513 0.823732383549 
0.0724460855126 0.0737323835492 
0.572446085513 0.573732383549 
0.509946085513 0.386232383549 
0.00994608551264 0.886232383549 
0.259946085513 0.136232383549 
0.759946085513 0.636232383549 
0.884946085513 0.0112323835492 
0.384946085513 0.511232383549 
0.134946085513 0.261232383549 
0.634946085513 0.761232383549 
0.650571085513 0.0581073835492 
0.150571085513 0.558107383549 
0.400571085513 0.308107383549 
0.900571085513 0.808107383549 
0.775571085513 0.433107383549 
0.275571085513 0.933107383549 
0.0255710855126 0.183107383549 
0.525571085513 0.683107383549 
0.588071085513 0.370607383549 
0.0880710855126 0.870607383549 
0.338071085513 0.120607383549 
0.838071085513 0.620607383549 
0.963071085513 0.245607383549 
0.463071085513 0.745607383549 
0.213071085513 0.495607383549 
0.713071085513 0.995607383549 
0.744321085513 0.464357383549 
0.244321085513 0.964357383549 
0.494321085513 0.214357383549 
0.994321085513 0.714357383549 
0.869321085513 0.0893573835492 
0.369321085513 0.589357383549 
0.119321085513 0.339357383549 
0.619321085513 0.839357383549 
0.556821085513 0.151857383549 
0.0568210855126 0.651857383549 
0.306821085513 0.401857383549 
0.806821085513 0.901857383549 
0.931821085513 0.276857383549 
0.431821085513 0.776857383549 
0.181821085513 0.0268573835492 
0.681821085513 0.526857383549 
0.674008585513 0.175294883549 
0.174008585513 0.675294883549 
0.424008585513 0.425294883549 
0.924008585513 0.925294883549 
0.799008585513 0.300294883549 
0.299008585513 0.800294883549 
0.0490085855126 0.0502948835492 
0.549008585513 0.550294883549 
0.611508585513 0.487794883549 
0.111508585513 0.987794883549 
0.361508585513 0.237794883549 
0.861508585513 0.737794883549 
0.986508585513 0.112794883549 
0.486508585513 0.612794883549 
0.236508585513 0.362794883549 
0.736508585513 0.862794883549 
0.705258585513 0.331544883549 
0.205258585513 0.831544883549 
0.455258585513 0.0815448835492 
0.955258585513 0.581544883549 
0.830258585513 0.206544883549 
0.330258585513 0.706544883549 
0.0802585855126 0.456544883549 
0.580258585513 0.956544883549 
0.517758585513 0.0190448835492 
0.0177585855126 0.519044883549 
0.267758585513 0.269044883549 
0.767758585513 0.769044883549 
0.892758585513 0.394044883549 
0.392758585513 0.894044883549 
0.142758585513 0.144044883549 
0.642758585513 0.644044883549 
0.627133585513 0.409669883549 
0.127133585513 0.909669883549 
0.377133585513 0.159669883549 
0.877133585513 0.659669883549 
0.752133585513 0.0346698835492 
0.252133585513 0.534669883549 
0.00213358551264 0.284669883549 
0.502133585513 0.784669883549 
0.564633585513 0.222169883549 
0.0646335855126 0.722169883549 
0.314633585513 0.472169883549 
0.814633585513 0.972169883549 
0.939633585513 0.347169883549 
0.439633585513 0.847169883549 
0.189633585513 0.0971698835492 
0.689633585513 0.597169883549 
0.720883585513 0.0659198835492 
0.220883585513 0.565919883549 
0.470883585513 0.315919883549 
0.970883585513 0.815919883549 
0.845883585513 0.440919883549 
0.345883585513 0.940919883549 
0.0958835855126 0.190919883549 
0.595883585513 0.690919883549 
0.533383585513 0.253419883549 
0.0333835855126 0.753419883549 
0.283383585513 0.00341988354921 
0.783383585513 0.503419883549 
0.908383585513 0.128419883549 
0.408383585513 0.628419883549 
0.158383585513 0.378419883549 
0.658383585513 0.878419883549 
0.658871866763 0.250978477299 
0.158871866763 0.750978477299 
0.408871866763 0.000978477299213 
0.908871866763 0.500978477299 
0.783871866763 0.125978477299 
0.283871866763 0.625978477299 
0.0338718667626 0.375978477299 
0.533871866763 0.875978477299 
0.596371866763 0.0634784772992 
0.0963718667626 0.563478477299 
0.346371866763 0.313478477299 
0.846371866763 0.813478477299 
0.971371866763 0.438478477299 
0.471371866763 0.938478477299 
0.221371866763 0.188478477299 
0.721371866763 0.688478477299 
0.690121866763 0.219728477299 
0.190121866763 0.719728477299 
0.440121866763 0.469728477299 
0.940121866763 0.969728477299 
0.815121866763 0.344728477299 
0.315121866763 0.844728477299 
0.0651218667626 0.0947284772992 
0.565121866763 0.594728477299 
0.502621866763 0.407228477299 
0.00262186676264 0.907228477299 
0.252621866763 0.157228477299 
0.752621866763 0.657228477299 
0.877621866763 0.0322284772992 
0.377621866763 0.532228477299 
0.127621866763 0.282228477299 
0.627621866763 0.782228477299 
0.643246866763 0.0166034772992 
0.143246866763 0.516603477299 
0.393246866763 0.266603477299 
0.893246866763 0.766603477299 
0.768246866763 0.391603477299 
0.268246866763 0.891603477299 
0.0182468667626 0.141603477299 
0.518246866763 0.641603477299 
0.580746866763 0.329103477299 
0.0807468667626 0.829103477299 
0.330746866763 0.0791034772992 
0.830746866763 0.579103477299 
0.955746866763 0.204103477299 
0.455746866763 0.704103477299 
0.205746866763 0.454103477299 
0.705746866763 0.954103477299 
0.736996866763 0.485353477299 
0.236996866763 0.985353477299 
0.486996866763 0.235353477299 
0.986996866763 0.735353477299 
0.861996866763 0.110353477299 
0.361996866763 0.610353477299 
0.111996866763 0.360353477299 
0.611996866763 0.860353477299 
0.549496866763 0.172853477299 
0.0494968667626 0.672853477299 
0.299496866763 0.422853477299 
0.799496866763 0.922853477299 
0.924496866763 0.297853477299 
0.424496866763 0.797853477299 
0.174496866763 0.0478534772992 
0.674496866763 0.547853477299 
0.682309366763 0.149415977299 
0.182309366763 0.649415977299 
0.432309366763 0.399415977299 
0.932309366763 0.899415977299 
0.807309366763 0.274415977299 
0.307309366763 0.774415977299 
0.0573093667626 0.0244159772992 
0.557309366763 0.524415977299 
0.619809366763 0.461915977299 
0.119809366763 0.961915977299 
0.369809366763 0.211915977299 
